6.8888e+01 3.0806e+02 4.4985e+02
7.0888e+01 3.1006e+02 4.5166e+02
7.2888e+01 3.1206e+02 4.5348e+02
7.4888e+01 3.1406e+02 4.5529e+02
7.6888e+01 3.1606e+02 4.5710e+02
7.8888e+01 3.1806e+02 4.5892e+02
8.0888e+01 3.2006e+02 4.6073e+02
8.2888e+01 3.2206e+02 4.6255e+02
8.4888e+01 3.2406e+02 4.6436e+02
8.6888e+01 3.2606e+02 4.6618e+02
8.8888e+01 3.2806e+02 4.6800e+02
9.0888e+01 3.3006e+02 4.6981e+02
9.2888e+01 3.3206e+02 4.7163e+02
9.4888e+01 3.3406e+02 4.7345e+02
9.6888e+01 3.3606e+02 4.7527e+02
9.8888e+01 3.3806e+02 4.7709e+02
1.0089e+02 3.4006e+02 4.7891e+02
1.0289e+02 3.4206e+02 4.8073e+02
1.0489e+02 3.4406e+02 4.8255e+02
1.0689e+02 3.4606e+02 4.8437e+02
1.0889e+02 3.4806e+02 4.8619e+02
1.1089e+02 3.5006e+02 4.8801e+02
1.1289e+02 3.5206e+02 4.8983e+02
1.1489e+02 3.5406e+02 4.9166e+02
1.1689e+02 3.5606e+02 4.9348e+02
1.1889e+02 3.5806e+02 4.9530e+02
1.2089e+02 3.6006e+02 4.9713e+02
1.2289e+02 3.6206e+02 4.9895e+02
1.2489e+02 3.6406e+02 5.0078e+02
1.2689e+02 3.6606e+02 5.0260e+02
1.2889e+02 3.6806e+02 5.0443e+02
1.3089e+02 3.7006e+02 5.0625e+02
1.3289e+02 3.7206e+02 5.0808e+02
1.3489e+02 3.7406e+02 5.0991e+02
1.3689e+02 3.7606e+02 5.1174e+02
1.3889e+02 3.7806e+02 5.1357e+02
1.4089e+02 3.8006e+02 5.1539e+02
1.4289e+02 3.8206e+02 5.1722e+02
1.4489e+02 3.8406e+02 5.1905e+02
1.4689e+02 3.8606e+02 5.2088e+02
1.4889e+02 3.8806e+02 5.2271e+02
1.5089e+02 3.9006e+02 5.2455e+02
1.5289e+02 3.9206e+02 5.2638e+02
1.5489e+02 3.9406e+02 5.2821e+02
1.5689e+02 3.9606e+02 5.3004e+02
1.5889e+02 3.9806e+02 5.3187e+02
1.6089e+02 4.0006e+02 5.3371e+02
1.6289e+02 4.0206e+02 5.3554e+02
1.6489e+02 4.0406e+02 5.3738e+02
1.6689e+02 4.0606e+02 5.3921e+02
1.6689e+02 4.0606e+02 5.4104e+02
1.6689e+02 4.0606e+02 5.4288e+02
1.6689e+02 4.0606e+02 5.4472e+02
1.6689e+02 4.0606e+02 5.4655e+02
1.6689e+02 4.0606e+02 5.4839e+02
1.6689e+02 4.0606e+02 5.5023e+02
1.6689e+02 4.0606e+02 5.5206e+02
1.6689e+02 4.0606e+02 5.5390e+02
1.6689e+02 4.0606e+02 5.5574e+02
1.6689e+02 4.0606e+02 5.5758e+02
1.6689e+02 4.0606e+02 5.5942e+02
1.6689e+02 4.0606e+02 5.6126e+02
1.6689e+02 4.0606e+02 5.6310e+02
1.6689e+02 4.0606e+02 5.6494e+02
1.6689e+02 4.0606e+02 5.6678e+02
1.6689e+02 4.0606e+02 5.6862e+02
1.6689e+02 4.0606e+02 5.7046e+02
1.6689e+02 4.0606e+02 5.7046e+02
1.6689e+02 4.0606e+02 5.7046e+02
1.6689e+02 4.0606e+02 5.7046e+02
1.6689e+02 4.0606e+02 5.7046e+02
1.6689e+02 4.0606e+02 5.7046e+02
1.6689e+02 4.0606e+02 5.7046e+02
1.6689e+02 4.0606e+02 5.7046e+02
1.6689e+02 4.0606e+02 5.7046e+02
1.6689e+02 4.0606e+02 5.7046e+02
1.6689e+02 4.0606e+02 5.7046e+02
1.6689e+02 4.0606e+02 5.7046e+02
1.6689e+02 4.0606e+02 5.7046e+02
1.6689e+02 4.0606e+02 5.7046e+02
1.6689e+02 4.0606e+02 5.7046e+02
1.6689e+02 4.0606e+02 5.7046e+02
1.6689e+02 4.0606e+02 5.7046e+02
1.6689e+02 4.0606e+02 5.7046e+02
1.6689e+02 4.0606e+02 5.7046e+02
1.6689e+02 4.0606e+02 5.7046e+02
1.6689e+02 4.0606e+02 5.7046e+02
1.6689e+02 4.0606e+02 5.7046e+02
1.6689e+02 4.0606e+02 5.7046e+02
1.6689e+02 4.0606e+02 5.7046e+02
1.6689e+02 4.0606e+02 5.7046e+02
1.6689e+02 4.0606e+02 5.7046e+02
1.6689e+02 4.0606e+02 5.7046e+02
1.6689e+02 4.0606e+02 5.7046e+02
1.6689e+02 4.0606e+02 5.7046e+02
1.6689e+02 4.0606e+02 5.7046e+02
1.6689e+02 4.0606e+02 5.7046e+02
1.6689e+02 4.0606e+02 5.7046e+02
1.6689e+02 4.0606e+02 5.7046e+02
1.6689e+02 4.0606e+02 5.7046e+02
1.6689e+02 4.0606e+02 5.7046e+02
1.6689e+02 4.0606e+02 5.7046e+02
1.6689e+02 4.0606e+02 5.7046e+02
1.6689e+02 4.0606e+02 5.7046e+02
1.6689e+02 4.0606e+02 5.7046e+02
1.6689e+02 4.0606e+02 5.7046e+02
1.6689e+02 4.0606e+02 5.7046e+02
1.6689e+02 4.0606e+02 5.7046e+02
1.6689e+02 4.0606e+02 5.7046e+02
1.6689e+02 4.0606e+02 5.7046e+02
1.6689e+02 4.0606e+02 5.7046e+02
1.6689e+02 4.0606e+02 5.7046e+02
1.6689e+02 4.0606e+02 5.7046e+02
1.6689e+02 4.0606e+02 5.7046e+02
1.6689e+02 4.0606e+02 5.7046e+02
1.6689e+02 4.0606e+02 5.7046e+02
1.6689e+02 4.0606e+02 5.7046e+02
1.6689e+02 4.0606e+02 5.7046e+02
1.6689e+02 4.0606e+02 5.7046e+02
1.6689e+02 4.0606e+02 5.7046e+02
1.6689e+02 4.0606e+02 5.7046e+02
1.6689e+02 4.0606e+02 5.7046e+02
1.6689e+02 4.0606e+02 5.7046e+02
1.6689e+02 4.0606e+02 5.7046e+02
1.6689e+02 4.0606e+02 5.7046e+02
1.6689e+02 4.0606e+02 5.7046e+02
1.6689e+02 4.0606e+02 5.7046e+02
1.6689e+02 4.0606e+02 5.7046e+02
1.6689e+02 4.0606e+02 5.7046e+02
1.6689e+02 4.0606e+02 5.7046e+02
1.6689e+02 4.0606e+02 5.7046e+02
1.6689e+02 4.0606e+02 5.7046e+02
1.6689e+02 4.0606e+02 5.7046e+02
1.6689e+02 4.0606e+02 5.7046e+02
1.6689e+02 4.0606e+02 5.7046e+02
1.6689e+02 4.0606e+02 5.7046e+02
1.6689e+02 4.0606e+02 5.7046e+02
1.6689e+02 4.0606e+02 5.7046e+02
1.6689e+02 4.0606e+02 5.7046e+02
1.6689e+02 4.0606e+02 5.7046e+02
1.6689e+02 4.0606e+02 5.7046e+02
1.6689e+02 4.0606e+02 5.7046e+02
1.6689e+02 4.0606e+02 5.7046e+02
1.6689e+02 4.0606e+02 5.7046e+02
1.6689e+02 4.0606e+02 5.7046e+02
1.6689e+02 4.0606e+02 5.7046e+02
1.6689e+02 4.0606e+02 5.7046e+02
1.6689e+02 4.0606e+02 5.7046e+02
1.6689e+02 4.0606e+02 5.7046e+02
1.6689e+02 4.0606e+02 5.7046e+02
1.6689e+02 4.0606e+02 5.7046e+02
1.6689e+02 4.0606e+02 5.7046e+02
1.6689e+02 4.0606e+02 5.7046e+02
1.6689e+02 4.0606e+02 5.7046e+02
1.6689e+02 4.0606e+02 5.7046e+02
1.6689e+02 4.0606e+02 5.7046e+02
1.6689e+02 4.0606e+02 5.7046e+02
1.6689e+02 4.0606e+02 5.7046e+02
1.6689e+02 4.0606e+02 5.7046e+02
1.6689e+02 4.0606e+02 5.7046e+02
1.6689e+02 4.0606e+02 5.7046e+02
1.6689e+02 4.0606e+02 5.7046e+02
1.6689e+02 4.0606e+02 5.7046e+02
1.6689e+02 4.0606e+02 5.7046e+02
1.6689e+02 4.0606e+02 5.7046e+02
1.6689e+02 4.0606e+02 5.7046e+02
1.6689e+02 4.0606e+02 5.7046e+02
1.6689e+02 4.0606e+02 5.7046e+02
1.6689e+02 4.0606e+02 5.7046e+02
1.6689e+02 4.0606e+02 5.7046e+02
1.6689e+02 4.0606e+02 5.7046e+02
1.6689e+02 4.0606e+02 5.7046e+02
1.6689e+02 4.0606e+02 5.7046e+02
1.6689e+02 4.0606e+02 5.7046e+02
1.6689e+02 4.0606e+02 5.7046e+02
1.6689e+02 4.0606e+02 5.7046e+02
1.6689e+02 4.0606e+02 5.7046e+02
1.6689e+02 4.0606e+02 5.7046e+02
1.6689e+02 4.0606e+02 5.7046e+02
1.6689e+02 4.0606e+02 5.7046e+02
1.6689e+02 4.0606e+02 5.7046e+02
1.6689e+02 4.0606e+02 5.7046e+02
1.6689e+02 4.0606e+02 5.7046e+02
1.6689e+02 4.0606e+02 5.7046e+02
1.6689e+02 4.0606e+02 5.7046e+02
1.6689e+02 4.0606e+02 5.7046e+02
1.6689e+02 4.0606e+02 5.7046e+02
1.6689e+02 4.0606e+02 5.7046e+02
1.6689e+02 4.0606e+02 5.7046e+02
1.6689e+02 4.0606e+02 5.7046e+02
1.6689e+02 4.0606e+02 5.7046e+02
1.6689e+02 4.0606e+02 5.7046e+02
1.6689e+02 4.0606e+02 5.7046e+02
1.6689e+02 4.0606e+02 5.7046e+02
1.6689e+02 4.0606e+02 5.7046e+02
1.6689e+02 4.0606e+02 5.7046e+02
1.6689e+02 4.0606e+02 5.7046e+02
1.6689e+02 4.0606e+02 5.7046e+02
1.6689e+02 4.0606e+02 5.7046e+02
1.6689e+02 4.0606e+02 5.7046e+02
1.6689e+02 4.0606e+02 5.7046e+02
1.6689e+02 4.0606e+02 5.7046e+02
1.6689e+02 4.0606e+02 5.7046e+02
1.6689e+02 4.0606e+02 5.7046e+02
1.6689e+02 4.0606e+02 5.7046e+02
1.6689e+02 4.0606e+02 5.7046e+02
1.6689e+02 4.0606e+02 5.7046e+02
1.6689e+02 4.0606e+02 5.7046e+02
1.6689e+02 4.0606e+02 5.7046e+02
1.6689e+02 4.0606e+02 5.7046e+02
1.6689e+02 4.0606e+02 5.7046e+02
1.6689e+02 4.0606e+02 5.7046e+02
1.6689e+02 4.0606e+02 5.7046e+02
1.6689e+02 4.0606e+02 5.7046e+02
1.6689e+02 4.0606e+02 5.7046e+02
1.6689e+02 4.0606e+02 5.7046e+02
1.6689e+02 4.0606e+02 5.7046e+02
1.6689e+02 4.0606e+02 5.7046e+02
1.6689e+02 4.0606e+02 5.7046e+02
1.6689e+02 4.0606e+02 5.7046e+02
1.6689e+02 4.0606e+02 5.7046e+02
1.6689e+02 4.0606e+02 5.7046e+02
1.6689e+02 4.0606e+02 5.7046e+02
1.6689e+02 4.0606e+02 5.7046e+02
1.6689e+02 4.0606e+02 5.7046e+02
1.6689e+02 4.0606e+02 5.7046e+02
1.6689e+02 4.0606e+02 5.7046e+02
1.6689e+02 4.0606e+02 5.7046e+02
1.6689e+02 4.0606e+02 5.7046e+02
1.6689e+02 4.0606e+02 5.7046e+02
1.6689e+02 4.0606e+02 5.7046e+02
1.6689e+02 4.0606e+02 5.7046e+02
1.6689e+02 4.0606e+02 5.7046e+02
1.6689e+02 4.0606e+02 5.7046e+02
1.6689e+02 4.0606e+02 5.7046e+02
1.6689e+02 4.0606e+02 5.7046e+02
1.6689e+02 4.0606e+02 5.7046e+02
1.6689e+02 4.0606e+02 5.7046e+02
1.6689e+02 4.0606e+02 5.7046e+02
1.6689e+02 4.0606e+02 5.7046e+02
1.6689e+02 4.0606e+02 5.7046e+02
1.6689e+02 4.0606e+02 5.7046e+02
1.6689e+02 4.0606e+02 5.7046e+02
1.6689e+02 4.0606e+02 5.7046e+02
1.6689e+02 4.0606e+02 5.7046e+02
1.6689e+02 4.0606e+02 5.7046e+02
1.6689e+02 4.0606e+02 5.7046e+02
1.6689e+02 4.0606e+02 5.7046e+02
1.6689e+02 4.0606e+02 5.7046e+02
1.6689e+02 4.0606e+02 5.7046e+02
